lastAccountName: poprocks146
timestamps:
  login: 1576275627837
  lastteleport: 1576277258372
  logout: 1576277352017
ipAddress: 73.238.93.162
lastlocation:
  world: world
  x: 141.69999998807907
  y: 72.0
  z: -11.450526208350558
  yaw: -202.76147
  pitch: 14.242038
logoutlocation:
  world: world
  x: 130.29999997466803
  y: 75.0000002
  z: -22.700000025331974
  yaw: -45.319836
  pitch: 0.0
homes:
  home:
    world: world
    x: 113.06779605121903
    y: 78.0
    z: -2.4407121512117715
    yaw: 6.3830853
    pitch: 9.675225
