lastAccountName: imgivingbirth
timestamps:
  login: 1586189517854
  logout: 1586189922271
  lastteleport: 1586073211007
ipAddress: 47.28.105.51
logoutlocation:
  world: piss
  x: 375.4932426432193
  y: 63.0
  z: 411.3930145136996
  yaw: -35.415497
  pitch: 28.950037
nickname: mich
lastlocation:
  world: piss
  x: 365.3350335928392
  y: 64.0
  z: 419.1055628414688
  yaw: 12.145264
  pitch: 6.6001525
afk: false
