lastAccountName: bwvlf
timestamps:
  login: 1586059623816
  logout: 1586063011622
  lastteleport: 1586061244279
ipAddress: 104.35.243.105
logoutlocation:
  world: piss
  x: 380.17000444546886
  y: 63.0
  z: 403.4914703656352
  yaw: -252.23294
  pitch: 15.749994
lastlocation:
  world: piss
  x: 299.2094960260337
  y: 71.0
  z: 562.9025146872838
  yaw: -151.21646
  pitch: 6.4595995
nickname: ChristmasBrown
