lastAccountName: HunchoZyrhoes
timestamps:
  login: 1577600707321
  logout: 1577604664866
ipAddress: 174.67.212.242
lastlocation:
  world: world
  x: -194.69999998807907
  y: 34.0
  z: 260.69999998807907
  yaw: 133.5366
  pitch: 25.64999
nickname: jeff
logoutlocation:
  world: world
  x: -74.54664214457543
  y: 11.0
  z: 303.0229509475771
  yaw: -194.55406
  pitch: 67.949974
