lastAccountName: LongMilk
timestamps:
  login: 1578279016089
  logout: 1578176061065
  lastteleport: 1578279444121
ipAddress: 23.243.0.123
logoutlocation:
  world: world
  x: -285.5
  y: 12.0
  z: 444.5
  yaw: -2.3963566
  pitch: 17.250328
nickname: ยง5Josue
lastlocation:
  world: world
  x: -251.8506700256586
  y: 12.0
  z: 449.1209462104927
  yaw: 279.00146
  pitch: 30.150429
