lastAccountName: LongMilk
timestamps:
  login: 1593014443708
  logout: 1593014449527
  lastteleport: 1593014386661
ipAddress: 23.119.143.3
logoutlocation:
  world: piss
  x: -38.54189220091277
  y: 63.0
  z: 1040.3062303500417
  yaw: 84.30641
  pitch: 30.30285
nickname: §dsandwhore
lastlocation:
  world: piss_nether
  x: 1101.5
  y: 60.0
  z: 113.5
  yaw: 289.1778
  pitch: 21.899967
afk: false
