lastAccountName: LongMilk
timestamps:
  login: 1586058080395
  logout: 1586059772874
  lastteleport: 1586059655482
ipAddress: 23.119.143.3
logoutlocation:
  world: piss
  x: -262.4968568194143
  y: 64.0
  z: 301.0238203330979
  yaw: -223.70917
  pitch: 51.150047
nickname: ยง5josue
lastlocation:
  world: piss
  x: -341.329586809228
  y: 74.0
  z: 329.0487909512086
  yaw: 326.04028
  pitch: 22.199919
