lastAccountName: okimbaby
timestamps:
  login: 1592717589692
  lastteleport: 1592722952620
  logout: 1592722968918
ipAddress: 76.246.76.9
lastlocation:
  world: piss
  x: -66.5
  y: 75.0625002
  z: 1017.5
  yaw: 0.0
  pitch: 0.0
nickname: hamwhore
homes:
  home:
    world: piss
    x: -65.55742517834419
    y: 75.0625
    z: 1014.785473546095
    yaw: -312.51556
    pitch: -0.68483615
logoutlocation:
  world: piss
  x: -2260.53564453125
  y: 62.07319337129593
  z: -1942.8212890625
  yaw: -30.222004
  pitch: 11.777193
afk: false
