lastAccountName: okimbaby
timestamps:
  login: 1586058119465
  lastteleport: 1586061594199
  logout: 1586062900872
ipAddress: 76.246.76.9
lastlocation:
  world: piss
  x: -255.8554694000025
  y: 62.9375
  z: 271.3786871558268
  yaw: -5.1521606
  pitch: 10.928197
nickname: hamwhore
homes:
  home:
    world: piss
    x: -248.40273606652053
    y: 63.0
    z: 276.68991828077014
    yaw: -112.84524
    pitch: 9.969593
logoutlocation:
  world: piss
  x: 379.29190038599796
  y: 63.0
  z: 415.0808007674452
  yaw: -205.46974
  pitch: -5.3682137
afk: false
