lastAccountName: okimbaby
timestamps:
  login: 1578279051495
  lastteleport: 1577604454968
  logout: 1577604619816
ipAddress: 169.231.25.89
lastlocation:
  world: world
  x: -227.9119660197985
  y: 88.0
  z: 314.7926545691793
  yaw: 226.42422
  pitch: 33.934883
nickname: hamwhore
homes:
  home:
    world: world
    x: -226.01646631977562
    y: 87.0
    z: 313.12681805657877
    yaw: 59.895412
    pitch: 33.44183
logoutlocation:
  world: world
  x: -224.66551013969186
  y: 87.0
  z: 314.30615188798254
  yaw: -67.3064
  pitch: 63.350567
