lastAccountName: Vorticity1
timestamps:
  login: 1576116952445
  lastteleport: 1576116933866
  logout: 1576118872166
ipAddress: 155.41.102.150
nickname: Nick
lastlocation:
  world: world
  x: -203.5
  y: 68.0
  z: 213.5
  yaw: 0.0
  pitch: 0.0
logoutlocation:
  world: world
  x: -181.10769228002547
  y: 35.0
  z: 205.925158909092
  yaw: 154.24646
  pitch: 49.199757
