lastAccountName: chris09486
timestamps:
  login: 1576457745232
  lastteleport: 1576287327773
  logout: 1576457758165
ipAddress: 73.238.93.162
lastlocation:
  world: world
  x: -210.5
  y: 64.0
  z: 212.5
  yaw: 68.85001
  pitch: 14.550001
homes:
  home:
    world: world
    x: -332.1167601414901
    y: 64.0
    z: 345.0688499937597
    yaw: -146.20692
    pitch: 21.899918
logoutlocation:
  world: world
  x: 114.20028477065107
  y: 73.0
  z: 9.25524359084358
  yaw: -49.729046
  pitch: 34.05002
