world: piss
x: 259.44384493951543
y: 64.0
z: 589.4209577869663
yaw: 264.992
pitch: 0.9001078
name: bees
lastowner: a83fd3cf-ef5c-4631-975d-f15cdf39bc27
