world: piss
x: 17.021427123901482
y: 74.0
z: 795.8493410915719
yaw: 11.127073
pitch: 1.0405989
name: birch
lastowner: b81f9314-3831-460d-ad91-6648b27cd922
