world: piss
x: -2256.651337773351
y: 82.00683875148118
z: -1947.9556490170028
yaw: -56.92752
pitch: 73.703575
name: boat
lastowner: b81f9314-3831-460d-ad91-6648b27cd922
