world: piss
x: -86.01280623568415
y: 63.0
z: 1075.5884137888843
yaw: -247.81967
pitch: 8.224028
name: chests
lastowner: b81f9314-3831-460d-ad91-6648b27cd922
