world: piss
x: 110.67314543564672
y: 61.0
z: 907.469079425647
yaw: -134.78162
pitch: 19.82953
name: clay
lastowner: b81f9314-3831-460d-ad91-6648b27cd922
