world: piss
x: -56.82730518052855
y: 90.0
z: 1016.8251539903074
yaw: -326.85925
pitch: 14.2696
name: construction
lastowner: b81f9314-3831-460d-ad91-6648b27cd922
