world: piss
x: -31.699999988079067
y: 64.0
z: 921.7091825329072
yaw: -346.24387
pitch: 5.450125
name: darkoak
lastowner: b81f9314-3831-460d-ad91-6648b27cd922
