world: piss
x: -64.51938399238489
y: 90.0
z: 1008.5334925868001
yaw: -181.38135
pitch: 0.46555018
name: enchant
lastowner: b81f9314-3831-460d-ad91-6648b27cd922
