world: piss_nether
x: 1101.5384750221704
y: 60.0
z: 113.81031611154492
yaw: 264.42776
pitch: 30.599968
name: fortress
lastowner: a83fd3cf-ef5c-4631-975d-f15cdf39bc27
