world: piss
x: 171.52690438203567
y: 29.0
z: 78.06074608692073
yaw: -279.6571
pitch: 31.524548
name: hole
lastowner: b81f9314-3831-460d-ad91-6648b27cd922
