world: piss
x: 166.93952221782519
y: 61.0
z: 83.60459063227799
yaw: -164.29811
pitch: 26.156366
name: home
lastowner: b81f9314-3831-460d-ad91-6648b27cd922
