world: piss
x: 172.47663777822535
y: 70.0
z: 1527.0129994060235
yaw: -19.951355
pitch: 8.901332
name: horse
lastowner: b81f9314-3831-460d-ad91-6648b27cd922
