world: piss
x: 407.84854972480883
y: 10.0
z: 1102.777163584762
yaw: 269.98462
pitch: 9.300478
name: mining_checkpoint
lastowner: a83fd3cf-ef5c-4631-975d-f15cdf39bc27
