world: piss
x: 252.09067924325458
y: 66.0
z: 387.0209626463511
yaw: -51.045197
pitch: 0.8763582
name: mountain
lastowner: b81f9314-3831-460d-ad91-6648b27cd922
