world: piss
x: 378.3446845338225
y: 63.0
z: 411.2972530246021
yaw: -178.02953
pitch: 5.068197
name: mushroom
lastowner: b81f9314-3831-460d-ad91-6648b27cd922
