world: piss
x: 276.59572772512024
y: 70.0
z: 510.0984902352106
yaw: 48.89675
pitch: 8.901256
name: nicey
lastowner: b81f9314-3831-460d-ad91-6648b27cd922
