world: piss
x: -495.11977034944755
y: 79.0
z: -1614.0282705378654
yaw: -203.04047
pitch: 18.83634
name: oak
lastowner: b81f9314-3831-460d-ad91-6648b27cd922
