world: piss
x: -2259.082332058828
y: 69.17172774811792
z: -1949.1691399345696
yaw: -56.92752
pitch: 73.703575
name: poop
lastowner: b81f9314-3831-460d-ad91-6648b27cd922
