world: piss
x: 324.4701544856978
y: 67.0
z: 386.5694040287513
yaw: -221.65906
pitch: 19.446026
name: ravine
lastowner: b81f9314-3831-460d-ad91-6648b27cd922
