world: piss
x: -14.95633696320027
y: 75.0
z: 864.8651960534656
yaw: -9.387135
pitch: 10.243214
name: ravine
lastowner: b81f9314-3831-460d-ad91-6648b27cd922
