world: piss
x: -337.78322609648575
y: 68.0
z: 125.59531904739957
yaw: 59.212036
pitch: 21.14995
name: sand_village
lastowner: a83fd3cf-ef5c-4631-975d-f15cdf39bc27
