world: piss
x: 176.20909377118045
y: 64.0
z: 577.3601319059251
yaw: 175.29517
pitch: 19.65007
name: sheepies
lastowner: a83fd3cf-ef5c-4631-975d-f15cdf39bc27
