world: piss
x: -137.06173714954681
y: 62.0
z: 981.0785786082204
yaw: -19.357998
pitch: 0.46527976
name: swampass
lastowner: b81f9314-3831-460d-ad91-6648b27cd922
