world: piss
x: -93.6563068438756
y: 78.0
z: 1041.9276203222485
yaw: 229.3971
pitch: 3.5330694
name: vantage
lastowner: b81f9314-3831-460d-ad91-6648b27cd922
