world: piss
x: -99.48275115946247
y: 69.9375
z: 1098.9461395939013
yaw: -156.01001
pitch: -6.4365325
name: view
lastowner: b81f9314-3831-460d-ad91-6648b27cd922
