world: piss
x: -1847.030685976438
y: 63.0
z: -1652.5649597880672
yaw: 129.81682
pitch: -2.6020453
name: village5
lastowner: b81f9314-3831-460d-ad91-6648b27cd922
