world: piss
x: -499.3850618841041
y: 100.0
z: -1472.7215854490469
yaw: -23.533844
pitch: 37.625187
name: village3
lastowner: b81f9314-3831-460d-ad91-6648b27cd922
