world: piss
x: 97.62235965168648
y: 66.0
z: 1334.3166728883484
yaw: -172.66809
pitch: 39.960423
name: village2
lastowner: b81f9314-3831-460d-ad91-6648b27cd922
