world: piss
x: -1180.9039244126418
y: 67.0
z: -1512.7877632516397
yaw: -220.72264
pitch: 7.101492
name: village4
lastowner: b81f9314-3831-460d-ad91-6648b27cd922
