world: piss
x: -171.6292159555154
y: 64.0
z: 1047.7444702023386
yaw: -15.114471
pitch: 10.67535
name: village
lastowner: b81f9314-3831-460d-ad91-6648b27cd922
