world: piss
x: -254.8477768542312
y: 63.0
z: 271.313722349305
yaw: -180.33163
pitch: -3.0675511
name: village
lastowner: b81f9314-3831-460d-ad91-6648b27cd922
